9362420881

6192499425

3043580912

7185945076

9176072895

5083952197

8178329662

5133766719

7143967336

3364609732

5593215752

4233130884

7343086220

8162604979

4046270923

2017572480

4157746089

3308192255

6825535516

5038400304

3158554193

5406598585

4074142379

2127997861

3866821916

4107320732

6823514008

2317304606

5122997767

8186368362

8142344071

6464077731

2813677079

7756889111

7708277189

6073314562

3522504756

2183298187

5205729882

9375034948

5708783814

3077549080

5748305535

2164401411

2126285788

7182979646

5144286739

5142486732

8327360259

3472042654

4073753755

8067825606

5027776908

5182224544

4087840382

8043102353

6149298965

9167519128

2483100596

3102039648

4043519548

8185548936

5599057038

2129205569

7064054886

3523280921

8634402335

3103789142

2017941107

8457059000

2087658072

9167990079

2542477779

8603150167

9544797370

8082182551

6016227708

4047472662

3473481313

7864791424

7244549437

9096252858

3605092169

9802155546

8143920292

2679703105

7022838751

4133487994

8652357149

9202518899

9198370033

3128665801

4049428189

2402246978

9725090584

8137600820

4068713374

7135979861

7066627841

6203810878

6176579973

6232930469

6186985010

8322174760

4147315934

7873630323

5085589129

5866988866

9137025945

9548013293
